104 688 450 14
597 610 474 971
102 978 860 779
321 606 336 695
285 817 752 992
606 851 323 632
947 836 479 455
359 616 66 762
195 341 85 345
451 65 2 31
847 515 531 835
804 698 939 815
808 192 583 535
248 457 475 429
315 770 96 816
480 350 745 438
552 536 674 32
244 787 281 79
146 700 135 532
242 166 938 595
975 324 504 441
239 566 150 141
172 343 304 731
540 608 419 262
765 118 720 430
251 838 628 968
115 815 484 810
290 105 230 824
534 38 60 529
313 677 622 600
558 700 8 207
873 885 511 862
969 462 801 845
324 627 580 585
871 959 596 314
27 273 81 465
564 274 307 775
682 971 851 276
397 857 189 145
246 771 190 131
296 339 274 140
86 76 498 66
679 313 620 636
556 86 999 566
819 693 778 974
197 105 874 816
530 749 275 605
767 677 918 585
37 909 701 948
373 964 994 856
530 749 275 605
765 118 720 430
239 566 150 141
324 627 580 585
540 608 419 262
804 698 939 815
27 273 81 465
564 274 307 775
373 964 994 856
975 324 504 441
